    29    29     1
 8.95251e-06 -3.90064e-07 -2.47235e-07  9.07019e-07    1.436e-06 -5.10411e-07 -1.09882e-06  8.08258e-07 -2.52807e-06  6.24115e-07  1.14498e-06 -2.73838e-07   1.0662e-06 -2.73838e-07  4.81343e-07 -3.64036e-07  7.22556e-07 -1.03973e-07 -2.25111e-07  4.75611e-07  1.25519e-06 -1.04998e-06 -1.07022e-06 -8.24978e-07 -5.82381e-07  4.26533e-07 -1.05048e-06 -2.33314e-07 -2.37826e-06
-3.90064e-07  1.51686e-05  2.49152e-06 -3.22472e-06  -6.2784e-09 -2.00765e-06  8.06141e-07 -2.33076e-06 -3.97425e-07  -9.0601e-08 -1.91003e-06 -6.18477e-08  5.76102e-07 -6.18477e-08 -5.81469e-07  3.55832e-07 -1.64758e-06  9.04979e-08 -4.66379e-07  2.27556e-07 -1.38192e-06 -1.34545e-06 -1.73185e-06  3.37891e-07  8.79986e-07  4.57082e-07  1.44535e-07 -3.33175e-08 -3.85528e-06
-2.47235e-07  2.49152e-06  1.16136e-05  1.37199e-06 -1.38266e-06  6.82881e-07 -8.24254e-09 -2.81796e-06 -4.40224e-06 -1.03311e-08  1.18469e-08   2.6259e-07 -2.56427e-06   2.6259e-07  2.34403e-06 -8.82519e-07 -8.76496e-07 -1.44732e-06 -1.50851e-06 -3.58795e-07 -1.33184e-06  1.75168e-06 -6.20072e-07 -2.19682e-07 -2.77315e-07 -2.22101e-08 -2.20449e-07  5.81957e-07 -1.61135e-06
 9.07019e-07 -3.22472e-06  1.37199e-06  1.57361e-05  -1.2138e-06  6.02509e-08 -1.74599e-06 -4.88121e-09 -1.44019e-06  7.52883e-07  1.72206e-06  4.54123e-07 -3.77348e-06  4.54123e-07 -2.61891e-07 -6.89491e-07  1.56066e-06 -2.56627e-07  9.67891e-07 -9.38238e-07 -1.25976e-06 -5.69104e-06 -2.17007e-07 -2.56669e-07 -3.71097e-07 -2.56247e-08 -1.04095e-06  7.63524e-07  2.24859e-06
   1.436e-06  -6.2784e-09 -1.38266e-06  -1.2138e-06  7.91424e-06 -9.90498e-07  3.54175e-07  1.12769e-06  5.14373e-07  -4.8447e-07  1.23444e-06 -1.11907e-06 -7.38702e-07 -1.11907e-06 -1.29037e-06  6.73034e-07 -2.79555e-07  5.21126e-08 -1.68605e-06  8.55354e-07  6.33122e-07 -1.02377e-06  5.15795e-07 -1.53229e-08 -1.54692e-06  1.23705e-06  6.10442e-07 -2.17661e-08 -9.21668e-07
-5.10411e-07 -2.00765e-06  6.82881e-07  6.02509e-08 -9.90498e-07  1.64794e-05 -2.85162e-06 -4.78686e-06 -3.04625e-06  2.65595e-07  2.56214e-06  7.23328e-07  1.95954e-07  7.23328e-07 -2.67986e-06 -9.62419e-07  1.90079e-08 -8.64559e-06  1.48289e-06 -3.99474e-07  3.93866e-07  2.55659e-06  3.15568e-07 -3.04711e-07  2.49007e-06 -5.45885e-07 -3.80306e-07  3.81349e-07  1.51111e-06
-1.09882e-06  8.06141e-07 -8.24254e-09 -1.74599e-06  3.54175e-07 -2.85162e-06  1.44825e-05  1.78154e-06  1.50779e-07  -2.0602e-06  1.30424e-06 -1.73547e-06  1.04552e-06 -1.73547e-06 -1.42368e-08  1.31568e-06   -1.876e-06  2.46099e-06  4.64569e-07  4.87096e-07 -1.59516e-07 -1.06462e-06 -1.73837e-07 -1.01446e-06 -1.97366e-06  6.64505e-07  2.31628e-06 -8.54973e-07 -2.21795e-06
 8.08258e-07 -2.33076e-06 -2.81796e-06 -4.88121e-09  1.12769e-06 -4.78686e-06  1.78154e-06  1.59161e-05  3.98812e-07  5.25439e-08 -2.71593e-06 -2.16364e-06  1.96371e-06 -2.16364e-06 -1.60901e-06  1.03406e-06  1.41302e-06  7.23053e-07  -6.9675e-07 -5.67467e-07 -1.01292e-06 -3.03124e-06  5.12214e-07 -1.38489e-06 -1.80996e-06 -2.27757e-07   6.5836e-07 -2.52574e-07 -1.48792e-06
-2.52807e-06 -3.97425e-07 -4.40224e-06 -1.44019e-06  5.14373e-07 -3.04625e-06  1.50779e-07  3.98812e-07    1.112e-05 -5.26687e-07 -2.36835e-06 -7.81875e-07  5.56543e-07 -7.81875e-07  5.13685e-07 -7.29365e-07 -1.08758e-07   3.1212e-06  -1.4059e-06 -8.11505e-07   6.4842e-07 -1.66717e-07 -1.85756e-07  1.86206e-07 -5.86096e-07  -1.3217e-06  3.90162e-07 -2.53213e-07  1.71091e-06
 6.24115e-07  -9.0601e-08 -1.03311e-08  7.52883e-07  -4.8447e-07  2.65595e-07  -2.0602e-06  5.25439e-08 -5.26687e-07  4.70609e-06 -5.78382e-07  4.05167e-07  1.34571e-06  4.05167e-07  5.43195e-07  3.11942e-07  -8.8006e-07  -1.7594e-08 -2.70488e-07 -8.09119e-07 -1.33323e-06 -4.87412e-07  2.22986e-07 -1.39324e-06  1.02074e-06  1.67242e-07 -3.68123e-06  3.15452e-07  5.08082e-07
 1.14498e-06 -1.91003e-06  1.18469e-08  1.72206e-06  1.23444e-06  2.56214e-06  1.30424e-06 -2.71593e-06 -2.36835e-06 -5.78382e-07  1.02851e-05 -7.34209e-07 -5.98893e-07 -7.34209e-07  2.90725e-06 -5.87358e-07  6.05279e-07 -1.62287e-06  2.33296e-06  1.30784e-06  1.84268e-07  5.32934e-07 -6.61722e-07  1.27038e-06  4.79122e-07  4.55484e-07 -4.45562e-08 -9.37439e-08  2.31111e-06
-2.73838e-07 -6.18477e-08   2.6259e-07  4.54123e-07 -1.11907e-06  7.23328e-07 -1.73547e-06 -2.16364e-06 -7.81875e-07  4.05167e-07 -7.34209e-07   0.00067077 -2.85872e-06 -0.000663818 -7.49691e-07  1.04877e-07 -3.20648e-07  -1.1252e-06  6.50533e-07  3.96359e-07 -7.17604e-07   1.3152e-06 -4.04171e-07   2.4168e-07  6.00011e-07 -2.39683e-07 -7.38455e-07  8.20666e-08  2.94391e-07
  1.0662e-06  5.76102e-07 -2.56427e-06 -3.77348e-06 -7.38702e-07  1.95954e-07  1.04552e-06  1.96371e-06  5.56543e-07  1.34571e-06 -5.98893e-07 -2.85872e-06  1.32928e-05 -2.85872e-06   -5.205e-07 -5.01773e-07 -1.60638e-06  1.85658e-06  -1.0734e-06 -1.56664e-06  8.39408e-07 -2.04507e-06  7.32842e-07 -1.85344e-06 -4.87311e-08  2.61063e-07 -8.66561e-07 -3.13897e-07 -5.12521e-07
-2.73838e-07 -6.18477e-08   2.6259e-07  4.54123e-07 -1.11907e-06  7.23328e-07 -1.73547e-06 -2.16364e-06 -7.81875e-07  4.05167e-07 -7.34209e-07 -0.000663818 -2.85872e-06   0.00067077 -7.49691e-07  1.04877e-07 -3.20648e-07  -1.1252e-06  6.50533e-07  3.96359e-07 -7.17604e-07   1.3152e-06 -4.04171e-07   2.4168e-07  6.00011e-07 -2.39683e-07 -7.38455e-07  8.20666e-08  2.94391e-07
 4.81343e-07 -5.81469e-07  2.34403e-06 -2.61891e-07 -1.29037e-06 -2.67986e-06 -1.42368e-08 -1.60901e-06  5.13685e-07  5.43195e-07  2.90725e-06 -7.49691e-07   -5.205e-07 -7.49691e-07  1.07628e-05 -7.41217e-07  -9.8694e-07  2.88633e-07 -1.21001e-07 -1.38161e-06 -9.79394e-08 -4.32057e-07 -7.55759e-07  1.32433e-06 -1.07658e-06 -1.47212e-06 -1.06964e-06 -1.38369e-07   1.6328e-06
-3.64036e-07  3.55832e-07 -8.82519e-07 -6.89491e-07  6.73034e-07 -9.62419e-07  1.31568e-06  1.03406e-06 -7.29365e-07  3.11942e-07 -5.87358e-07  1.04877e-07 -5.01773e-07  1.04877e-07 -7.41217e-07  8.67948e-06   1.9921e-07 -5.40608e-07 -9.76376e-07  1.61883e-07 -1.06165e-06 -3.33025e-06 -1.46132e-06 -2.82334e-07 -3.89408e-06 -1.18319e-07  5.63727e-07 -1.64208e-07  1.80109e-06
 7.22556e-07 -1.64758e-06 -8.76496e-07  1.56066e-06 -2.79555e-07  1.90079e-08   -1.876e-06  1.41302e-06 -1.08758e-07  -8.8006e-07  6.05279e-07 -3.20648e-07 -1.60638e-06 -3.20648e-07  -9.8694e-07   1.9921e-07  8.47917e-06 -1.77634e-06 -7.07756e-07  3.96399e-07  1.59186e-06  9.15296e-07 -2.24184e-07  5.09363e-07  1.97983e-07 -3.33393e-06  8.16071e-07  8.77311e-08 -2.17618e-06
-1.03973e-07  9.04979e-08 -1.44732e-06 -2.56627e-07  5.21126e-08 -8.64559e-06  2.46099e-06  7.23053e-07   3.1212e-06  -1.7594e-08 -1.62287e-06  -1.1252e-06  1.85658e-06  -1.1252e-06  2.88633e-07 -5.40608e-07 -1.77634e-06  1.47599e-05 -5.57751e-07 -9.10189e-07 -5.42345e-07 -1.96979e-06 -2.78007e-07 -3.70685e-07 -8.96017e-07 -1.14311e-06   5.0261e-07 -2.83588e-07  4.61518e-07
-2.25111e-07 -4.66379e-07 -1.50851e-06  9.67891e-07 -1.68605e-06  1.48289e-06  4.64569e-07  -6.9675e-07  -1.4059e-06 -2.70488e-07  2.33296e-06  6.50533e-07  -1.0734e-06  6.50533e-07 -1.21001e-07 -9.76376e-07 -7.07756e-07 -5.57751e-07  6.99044e-06  7.84566e-07  1.01829e-07 -9.76845e-07 -7.47342e-07 -7.79432e-07  1.60456e-07  1.02045e-06 -5.44683e-07 -3.13379e-07  1.26598e-06
 4.75611e-07  2.27556e-07 -3.58795e-07 -9.38238e-07  8.55354e-07 -3.99474e-07  4.87096e-07 -5.67467e-07 -8.11505e-07 -8.09119e-07  1.30784e-06  3.96359e-07 -1.56664e-06  3.96359e-07 -1.38161e-06  1.61883e-07  3.96399e-07 -9.10189e-07  7.84566e-07  5.02969e-06  6.27043e-07  -9.1934e-07 -4.83887e-07  9.98828e-07 -7.94569e-07 -5.13382e-07  7.06032e-07 -1.99215e-07  1.94721e-07
 1.25519e-06 -1.38192e-06 -1.33184e-06 -1.25976e-06  6.33122e-07  3.93866e-07 -1.59516e-07 -1.01292e-06   6.4842e-07 -1.33323e-06  1.84268e-07 -7.17604e-07  8.39408e-07 -7.17604e-07 -9.79394e-08 -1.06165e-06  1.59186e-06 -5.42345e-07  1.01829e-07  6.27043e-07  5.99075e-06 -5.45463e-07 -1.79326e-07  5.24081e-07  1.29871e-06 -1.19541e-06  6.14214e-07 -4.05864e-07 -2.59452e-06
-1.04998e-06 -1.34545e-06  1.75168e-06 -5.69104e-06 -1.02377e-06  2.55659e-06 -1.06462e-06 -3.03124e-06 -1.66717e-07 -4.87412e-07  5.32934e-07   1.3152e-06 -2.04507e-06   1.3152e-06 -4.32057e-07 -3.33025e-06  9.15296e-07 -1.96979e-06 -9.76845e-07  -9.1934e-07 -5.45463e-07  1.44457e-05  1.07018e-06  4.90721e-07  2.71049e-06 -5.03217e-07 -7.79632e-07 -2.00485e-07 -6.28256e-07
-1.07022e-06 -1.73185e-06 -6.20072e-07 -2.17007e-07  5.15795e-07  3.15568e-07 -1.73837e-07  5.12214e-07 -1.85756e-07  2.22986e-07 -6.61722e-07 -4.04171e-07  7.32842e-07 -4.04171e-07 -7.55759e-07 -1.46132e-06 -2.24184e-07 -2.78007e-07 -7.47342e-07 -4.83887e-07 -1.79326e-07  1.07018e-06  4.03214e-06  6.88902e-07   2.7081e-08 -4.78187e-07  2.32276e-07  1.01207e-07 -5.21377e-07
-8.24978e-07  3.37891e-07 -2.19682e-07 -2.56669e-07 -1.53229e-08 -3.04711e-07 -1.01446e-06 -1.38489e-06  1.86206e-07 -1.39324e-06  1.27038e-06   2.4168e-07 -1.85344e-06   2.4168e-07  1.32433e-06 -2.82334e-07  5.09363e-07 -3.70685e-07 -7.79432e-07  9.98828e-07  5.24081e-07  4.90721e-07  6.88902e-07  7.49136e-06 -4.75814e-07 -1.61595e-06   5.0817e-07  1.04549e-07 -1.77844e-06
-5.82381e-07  8.79986e-07 -2.77315e-07 -3.71097e-07 -1.54692e-06  2.49007e-06 -1.97366e-06 -1.80996e-06 -5.86096e-07  1.02074e-06  4.79122e-07  6.00011e-07 -4.87311e-08  6.00011e-07 -1.07658e-06 -3.89408e-06  1.97983e-07 -8.96017e-07  1.60456e-07 -7.94569e-07  1.29871e-06  2.71049e-06   2.7081e-08 -4.75814e-07  8.59966e-06  7.54895e-07 -2.25235e-06 -3.22388e-08 -2.77995e-06
 4.26533e-07  4.57082e-07 -2.22101e-08 -2.56247e-08  1.23705e-06 -5.45885e-07  6.64505e-07 -2.27757e-07  -1.3217e-06  1.67242e-07  4.55484e-07 -2.39683e-07  2.61063e-07 -2.39683e-07 -1.47212e-06 -1.18319e-07 -3.33393e-06 -1.14311e-06  1.02045e-06 -5.13382e-07 -1.19541e-06 -5.03217e-07 -4.78187e-07 -1.61595e-06  7.54895e-07  1.01906e-05 -3.74591e-07 -1.14684e-09 -3.50283e-07
-1.05048e-06  1.44535e-07 -2.20449e-07 -1.04095e-06  6.10442e-07 -3.80306e-07  2.31628e-06   6.5836e-07  3.90162e-07 -3.68123e-06 -4.45562e-08 -7.38455e-07 -8.66561e-07 -7.38455e-07 -1.06964e-06  5.63727e-07  8.16071e-07   5.0261e-07 -5.44683e-07  7.06032e-07  6.14214e-07 -7.79632e-07  2.32276e-07   5.0817e-07 -2.25235e-06 -3.74591e-07  5.84426e-06 -1.72069e-07 -5.22373e-08
-2.33314e-07 -3.33175e-08  5.81957e-07  7.63524e-07 -2.17661e-08  3.81349e-07 -8.54973e-07 -2.52574e-07 -2.53213e-07  3.15452e-07 -9.37439e-08  8.20666e-08 -3.13897e-07  8.20666e-08 -1.38369e-07 -1.64208e-07  8.77311e-08 -2.83588e-07 -3.13379e-07 -1.99215e-07 -4.05864e-07 -2.00485e-07  1.01207e-07  1.04549e-07 -3.22388e-08 -1.14684e-09 -1.72069e-07  6.92148e-07  1.67008e-07
-2.37826e-06 -3.85528e-06 -1.61135e-06  2.24859e-06 -9.21668e-07  1.51111e-06 -2.21795e-06 -1.48792e-06  1.71091e-06  5.08082e-07  2.31111e-06  2.94391e-07 -5.12521e-07  2.94391e-07   1.6328e-06  1.80109e-06 -2.17618e-06  4.61518e-07  1.26598e-06  1.94721e-07 -2.59452e-06 -6.28256e-07 -5.21377e-07 -1.77844e-06 -2.77995e-06 -3.50283e-07 -5.22373e-08  1.67008e-07  1.33519e-05
* row and column names
ce
ch
fsed_oxy1
fsed_oxy2
fsed_oxy3
fsed_oxy4
inflow_fac
ksed_oxy
kw
lw_fac
sed_heat_k1
sed_heat_k2
sed_heat_k3
sed_heat_k4
sed_temp_a1
sed_temp_a2
sed_temp_a3
sed_temp_a4
sed_temp_d1
sed_temp_d2
sed_temp_d3
sed_temp_d4
sed_temp_m1
sed_temp_m2
sed_temp_m3
sed_temp_m4
sw_fac
thsed_oxy
wind_fac
